ageh agew
53 38
40 39
35 32
40 36
44 47
48 47
33 31
68 72
37 45
38 48
32 27
70 71
56 55
24 21
29 26
28 24
66 62
68 60
59 53
54 53
43 42
31 32
39 29
51 38
43 42
34 33
43 40
71 65
40 35
22 17
47 50
51 50
66 61
32 29
45 41
64 57
38 30
40 37
60 28
70 64
28 26
38 38
36 29
35 39
37 31
59 65
36 30
40 39
44 40
37 36
47 44
35 31
31 31
41 40
25 22
43 34
41 43
34 28
39 36
35 32
34 33
44 41
42 41
26 28
33 32
68 68
33 35
47 40
73 50
39 34
65 61
26 26
33 32
79 61
70 62
40 33
56 57
31 28
53 47
70 68
61 61
28 26
26 24
43 29
43 46
32 32
49 45
51 43
47 45
52 47
46 45
43 40
24 23
33 35
34 34
75 55
52 52
38 26
42 41
48 42