78.7
73.4
53.2
42.3
42.3
42.1
41.1
39.6
39.5
36.6
34.2
32.9
29.4
28.9
28.9
24.8
24
23.2
23.2
23.2
21.8
21.6
21
19.5
19.4
18.9
17
16.9
15.4
15.3
14.5
14
13.6
13.6
13.4
12.7
12.3
12.2
12
11.9
11.5
11.5
11.2
11.2
10.8
10.4
10.3
10.3
10
8.9
8.8
8.7
8.7
8.3
8.3
8.3
8
7.8
7.8
7.6
7.6
7.5
7.5
7.3
7.2
7.1
7
7
6.9
6.9
6.8
6.7
6.6
6.5
6.5
6.4
6.3
6.3
6.3
6.3
6.3
6.3
6.2
6.2
6.1
6.1
5.9
5.9
5.8
5.6
5.6
5.5
5.5
5.3
5.3
5.3
5.2
5.2
5.2
5
5
5
4.9
4.9
4.9
4.8
4.8
4.8
4.8
4.8
4.7
4.7
4.7
4.7
4.6
4.6
4.6
4.5
4.4
4.4
4.3
4.3
4.3
4.2
4.2
4.2
4.2
4.1
4.1
4
4
4
4
4
4
3.9
3.9
3.9
3.9
3.9
3.9
3.9
3.9
3.8
3.8
3.8
3.8
3.8
3.7
3.7
3.7
3.7
3.7
3.7
3.7
3.6
3.6
3.6
3.6
3.6
3.5
3.5
3.5
3.5
3.5
3.4
3.4
3.4
3.4
3.4
3.4
3.3
3.3
3.3
3.3
3.3
3.3
3.3
3.3
3.2
3.2
3.2
3.2
3.2
3.2
3.2
3.2
3.2
3.2
3.1
3.1
3.1
3.1
3.1
3.1
3.1
3.1
3.1
3
3
3
3
3
3
3
3
3
3
3
3
2.9
2.9
2.9
2.9
2.9
2.9
2.9
2.9
2.9
2.9
2.8
2.8
2.8
2.8
2.8
2.8
2.8
2.8
2.8
2.8
2.8
2.8
2.8
2.8
2.8
2.8
2.8
2.8
2.7
2.7
2.7
2.7
2.7
2.7
2.7
2.7
2.7
2.7
2.6
2.6
2.6
2.6
2.6
2.6
2.6
2.6
2.6
2.6
2.6
2.5
2.5
2.5
2.5
2.5
2.5
2.5
2.5
2.5
2.4
2.4
2.4
2.4
2.4
2.4
2.4
2.4
2.3
2.3
2.3
2.3
2.3
2.3
2.3
2.3
2.3
2.3
2.3
2.3
2.3
2.3
2.3
2.2
2.2
2.2
2.2
2.2
2.2
2.2
2.2
2.2
2.2
2.2
2.2
2.2
2.2
2.2
2.2
2.2
2.2
2.2
2.1
2.1
2.1
2.1
2.1
2.1
2.1
2.1
2.1
2.1
2.1
2.1
2.1
2.1
2.1
2
2
2
2
2
2
2
2
2
2
2
2
2
2
1.98
1.97
1.96
1.96
1.96
1.95
1.94
1.93
1.92
1.91
1.91
1.91
1.9
1.88
1.87
1.86
1.86
1.85
1.85
1.85
1.84
1.82
1.81
1.81
1.81
1.8
1.79
1.79
1.79
1.79
1.79
1.79
1.78
1.78
1.78
1.76
1.75
1.75
1.75
1.75
1.74
1.74
1.74
1.73
1.73
1.73
1.73
1.73
1.72
1.71
