24.828
24.826
24.833
24.824
24.834
24.756
24.827
24.816
24.84
24.798
24.829
24.822
24.824
24.821
24.825
24.83
24.823
24.829
24.831
24.819
24.824
24.82
24.836
24.832
24.836
24.828
24.825
24.821
24.828
24.829
24.837
24.825
24.828
24.826
24.83
24.832
24.836
24.826
24.83
24.822
24.836
24.823
24.827
24.827
24.828
24.827
24.831
24.827
24.826
24.833
24.826
24.832
24.832
24.824
24.839
24.828
24.824
24.825
24.832
24.825
24.829
24.827
24.828
24.829
24.816
24.823
